001000030000000000000002411280000000000307122725420000000001942140005000000000040785
001000030000000000000002411280000000000307122725420000000001942140005000000000040785
001000220000000000000002416380000000000306856942860000000053612430005000000001125861
001000220000000000000002416380000000000306856942860000000053612430005000000001125861
001000020000000000000000428780000000000307146512060000000001700000005000000000035700
001000020000000000000000428780000000000307146512060000000001700000005000000000035700
001000110000000000000000691880000000000307115698430000000003804520005000000000079895
001000110000000000000000691880000000000307115698430000000003804520005000000000079895
001000000000000000014599674680000000000305000109120000000030802100004000000000323422
001000000000000000014599674680000000000305000109120000000030802100004000000000323422
001000040000000000000000020680000000000202351917770000000002500000005000000000052500
001000040000000000000000020680000000000202351917770000000002500000005000000000052500
001000010000000000000000002280000000000307159993890000000002800000005000000000058800
001000010000000000000000002280000000000307159993890000000002800000005000000000058800
001020170000000000000190389180000000000305466899790000000044047240005000000000924992
001020170000000000000190389180000000000305466899790000000044047240005000000000924992
001000100000000000000015603180000000000307093694030000000003842950005000000000080702
001000100000000000000015603180000000000307093694030000000003842950005000000000080702
001000030000000000000000157380000000000272775170060000000001487620005000000000031240
001000030000000000000000157380000000000272775170060000000001487620005000000000031240
001000040000000000000000147980000000000202619009130000000000720000005000000000015120
001000040000000000000000147980000000000202619009130000000000720000005000000000015120
001000040000000000000000006380000000000201603947310000000010771190005000000000226195
001000040000000000000000006380000000000201603947310000000010771190005000000000226195
001000020000000000000000107980000000000307108429610000000008000000005000000000168000
001000020000000000000000107980000000000307108429610000000008000000005000000000168000
001000010000000000000000002580000000000307159993890000000001300000005000000000027300
001000010000000000000000002580000000000307159993890000000001300000005000000000027300
001000040000000000000001036480000000000307076274050000002234914900005000000046933213
001000040000000000000001036480000000000307076274050000002234914900005000000046933213
001000980000000000001908922680000000000306586502420000000024275260003000000000655432
001000980000000000001908922680000000000306586502420000000024275260003000000000655432
001020190000000000000029282180000000000305466899790000000587722760005000000012342178
001020190000000000000029282180000000000305466899790000000587722760005000000012342178
001020200000000000000034297380000000000305466899790000000917948810005000000019276925
001020200000000000000034297380000000000305466899790000000917948810005000000019276925
001000020000000000000000007680000000000271867195870000000000661140005000000000013884
001000020000000000000000007680000000000271867195870000000000661140005000000000013884
001000040000000000000000080580000000000200825378300000000227788000005000000004783548
001000040000000000000000080580000000000200825378300000000227788000005000000004783548
001000560000000000000001499780000000000305318781710000000000950430005000000000019959
001000560000000000000001499780000000000305318781710000000000950430005000000000019959
001000120000000000000019970780000000000305428518360000000026083240005000000000547748
001000120000000000000019970780000000000305428518360000000026083240005000000000547748
001000060000000000000000620080000000000307085463010000000008000000005000000000168000
001000060000000000000000620080000000000307085463010000000008000000005000000000168000
001000050000000000000000249980000000000307143473100000000000641140005000000000013464
001000050000000000000000249980000000000307143473100000000000641140005000000000013464
001000050000000000000000249880000000000307143473100000000001030860005000000000021648
001000050000000000000000249880000000000307143473100000000001030860005000000000021648
001062060000000000000000026280000000000306781864450000000005784290005000000000121470
001062060000000000000000026280000000000306781864450000000005784290005000000000121470
001062100000000000000000080880000000000306781864450000000005784290005000000000121470
001062100000000000000000080880000000000306781864450000000005784290005000000000121470
001000020000000000000000072680000000000273748537540000000002500000005000000000052500
001000020000000000000000072680000000000273748537540000000002500000005000000000052500
001003350000000000000011608180000000000305799390080000000000326570005000000000006858
001003350000000000000011608180000000000305799390080000000000326570005000000000006858
001000030000000000000002336480000000000201176225690000000000206620005000000000004339
001000030000000000000002336480000000000201176225690000000000206620005000000000004339
001000020000000000000000024880000000000307157529360000000017600000005000000000369600
001000020000000000000000024880000000000307157529360000000017600000005000000000369600
001000020000000000000000024980000000000307157529360000000017600000005000000000369600
001000020000000000000000024980000000000307157529360000000017600000005000000000369600
001020200000000000000034337680000000000305466899790000000038338950005000000000805118
001020200000000000000034337680000000000305466899790000000038338950005000000000805118
001020170000000000000191312680000000000305466899790000000870351430005000000018277380
001020170000000000000191312680000000000305466899790000000870351430005000000018277380
001000020000000000000019847580000000000307080162990000000311877000005000000006549417
001000020000000000000019847580000000000307080162990000000311877000005000000006549417
001000130000000000000028637280000000000305428518360000000019522240005000000000409967
001000130000000000000028637280000000000305428518360000000019522240005000000000409967
001020170000000000000191361980000000000305466899790000000825359760005000000017332555
001020170000000000000191361980000000000305466899790000000825359760005000000017332555
001000060000000000000644764180000000000306201774970000000000553520005000000000011624
001000060000000000000644764180000000000306201774970000000000553520005000000000011624
001000040000000000000000982380000000000305466899790000000001315810005000000000027632
001000040000000000000000982380000000000305466899790000000001315810005000000000027632
001000040000000000000000111380000000000307143721530000000002603290005000000000054669
001000040000000000000000111380000000000307143721530000000002603290005000000000054669
001000110000000000000000186380000000000307143721530000000000922480005000000000019372
001000110000000000000000186380000000000307143721530000000000922480005000000000019372
001000110000000000000000231380000000000307143721530000000001410190005000000000029614
001000110000000000000000231380000000000307143721530000000001410190005000000000029614
001000070000000000000000040480000000000231439322140000000002566670005000000000053900
001000070000000000000000040480000000000231439322140000000002566670005000000000053900
001000480000000000000003436980000000000306476788890000000000880240005000000000018485
001000480000000000000003436980000000000306476788890000000000880240005000000000018485
001000030000000000000000044080000000000271147595760000000009256190005000000000194380
001000030000000000000000044080000000000271147595760000000009256190005000000000194380
001000030000000000000000044580000000000271147595760000000013553710005000000000284628
001000030000000000000000044580000000000271147595760000000013553710005000000000284628
001000050000000000000000264080000000000306414281040000000001008290005000000000021174
001000050000000000000000264080000000000306414281040000000001008290005000000000021174
001045120000000000000000045580000000000305903607630000000002754290005000000000057840
001045120000000000000000045580000000000305903607630000000000411620004000000000004322
001045120000000000000000045580000000000305903607630000000002754290005000000000057840
001045120000000000000000045580000000000305903607630000000000411620004000000000004322
001000110000000000000000858480000000000305261438130000000003042380005000000000063890
001000110000000000000000858480000000000305261438130000000003042380005000000000063890
001009650000000000000005716380000000000305161866700000000001475670005000000000030989
001009650000000000000005716380000000000305161866700000000001475670005000000000030989
001000090000000000000004057280000000000202420047100000000000291140005000000000006114
001000090000000000000004057280000000000202420047100000000000291140005000000000006114
001000130000000000000002667480000000000306414281040000000007107430005000000000149256
001000130000000000000002667480000000000306414281040000000007107430005000000000149256
001000250000000000000002593980000000000305452208020000000001157050005000000000024298
001000250000000000000002593980000000000305452208020000000001157050005000000000024298
001020200000000000000034346580000000000305466899790000000072651620005000000001525684
001020200000000000000034346580000000000305466899790000000072651620005000000001525684
001020170000000000000191460980000000000305466899790000000974244620005000000020459137
001020170000000000000191460980000000000305466899790000000974244620005000000020459137
001000040000000000000001042380000000000307076274050000000820557810005000000017231714
001000040000000000000001042380000000000307076274050000000820557810005000000017231714
001000010000000000008713973280000000000305000017350000000001134000005000000000023814
001000010000000000008713973280000000000305000017350000000001134000005000000000023814
001020170000000000000191496780000000000305466899790000000848246240005000000017813171
001020170000000000000191496780000000000305466899790000000848246240005000000017813171
001000060000000000000000773080000000000306288215060000000009521620005000000000199954
001000060000000000000000773080000000000306288215060000000009521620005000000000199954
001000030000000000000000044680000000000271147595760000000001983480005000000000041653
001000030000000000000000044680000000000271147595760000000001983480005000000000041653
001024480000000000000000260880000000000305903607630000000002932240005000000000061577
001024480000000000000000260880000000000305903607630000000002932240005000000000061577
001045070000000000000000051680000000000305903607630000000002396050005000000000050317
001045070000000000000000051680000000000305903607630000000002396050005000000000050317
001045120000000000000000048280000000000305903607630000000002346140005000000000049269
001045120000000000000000048280000000000305903607630000000000550950004000000000005785
001045120000000000000000048280000000000305903607630000000002346140005000000000049269
001045120000000000000000048280000000000305903607630000000000550950004000000000005785
001000030000000000000002401280000000000307122725420000000000725190005000000000015229
001000030000000000000002401280000000000307122725420000000000725190005000000000015229
001000040000000000000000081080000000000200825378300000000076074000005000000001597554
001000040000000000000000081080000000000200825378300000000076074000005000000001597554
001000010000000000000063523480000000000305000494600000000110393240005000000002318258
001000010000000000000063523480000000000305000494600000000110393240005000000002318258
001000560000000000000001509080000000000305318781710000000000925620005000000000019438
001000560000000000000001509080000000000305318781710000000000925620005000000000019438
001000130000000000000002671680000000000306414281040000000004454520005000000000093545
001000130000000000000002671680000000000306414281040000000004454520005000000000093545
001000010000000000000000076180000000000307157326090000000019586760005000000000411322
001000010000000000000000076180000000000307157326090000000019586760005000000000411322
001020200000000000000034362680000000000305466899790000000669978620005000000014069551
001020200000000000000034362680000000000305466899790000000669978620005000000014069551
001020170000000000000191568280000000000305466899790000000825244900005000000017330143
001020170000000000000191568280000000000305466899790000000825244900005000000017330143
002000400000000000000006454280000000000306865292890000000000015860005000000000000333
002000400000000000000006454280000000000306865292890000000000015860005000000000000333
001000210000000000000000876180000000000306576119360000000001861380005000000000039089
001000210000000000000000876180000000000306576119360000000001861380005000000000039089
001000020000000000000019873380000000000307080162990000000062592140005000000001314435
001000020000000000000019873380000000000307080162990000000062592140005000000001314435
001000050000000000000004304480000000000305685266230000000000247950005000000000005207
001000050000000000000004304480000000000305685266230000000000247950005000000000005207
001000030000000000000000301180000000000305685266230000000044724860004000000000469611
001000030000000000000000301180000000000305685266230000000044724860004000000000469611
001000170000000000000007283980000000000305786541820000000082784240005000000001738469
001000170000000000000007283980000000000305786541820000000011758100004000000000123460
001000170000000000000007283980000000000305786541820000000082784240005000000001738469
001000170000000000000007283980000000000305786541820000000011758100004000000000123460
00300017000000000000000049818000000000030578654182-000000004816480005-00000000101146
00300017000000000000000049818000000000030578654182-000000004816480005-00000000101146
001000020000000000000000333180000000000307109416920000000001600000005000000000033600
001000020000000000000000333180000000000307109416920000000001600000005000000000033600
001000450000000000000001077980000000000307072119420000000013552810005000000000284609
001000450000000000000001077980000000000307072119420000000013552810005000000000284609
001000560000000000000001199980000000000307087253460000000009600900005000000000201619
001000560000000000000001199980000000000307087253460000000009600900005000000000201619
001000050000000000000020008880000000000306288215060000000001338860005000000000028116
001000050000000000000020008880000000000306288215060000000001338860005000000000028116
001000050000000000000020043180000000000306288215060000000002524810005000000000053021
001000050000000000000020043180000000000306288215060000000002524810005000000000053021
001000020000000000000000302980000000000203354151760000000001570240005000000000032975
001000020000000000000000302980000000000203354151760000000001570240005000000000032975
001000010000000000008739962080000000000305000017350000000000833710005000000000017508
001000010000000000008739962080000000000305000017350000000000833710005000000000017508
001000030000000000000000127980000000000307119330570000000040000000005000000000840000
001000030000000000000000127980000000000307119330570000000040000000005000000000840000
001020200000000000000034380480000000000305466899790000000287404570005000000006035496
001020200000000000000034380480000000000305466899790000000287404570005000000006035496
001020200000000000000034380680000000000305466899790000000751248950005000000015776228
001020200000000000000034380680000000000305466899790000000751248950005000000015776228
001020200000000000000034380580000000000305466899790000000410091950005000000008611931
001020200000000000000034380580000000000305466899790000000410091950005000000008611931
001020220000000000000002109080000000000305466899790000000935376330005000000019642903
001020220000000000000002109080000000000305466899790000000935376330005000000019642903
001000440000000000000001586280000000000307072119420000000008838140005000000000185601
001000440000000000000001586280000000000307072119420000000008838140005000000000185601
001000220000000000000002416680000000000306856942860000000000132240005000000000002777
001000220000000000000002416680000000000306856942860000000000132240005000000000002777
001020190000000000000029402880000000000305466899790000000594506050005000000012484627
001020190000000000000029402880000000000305466899790000000594506050005000000012484627
001020170000000000000191921780000000000305466899790000000053431430005000000001122060
001020170000000000000191921780000000000305466899790000000053431430005000000001122060
001063640000000000000153247680000000000306781864450000000014083240005000000000295748
001063640000000000000153247680000000000306781864450000000001898670003000000000051264
001063640000000000000153247680000000000306781864450000000014083240005000000000295748
001063640000000000000153247680000000000306781864450000000001898670003000000000051264
001082040000000000001956099080000000000306394537380000000001002890003000000000027078
001082040000000000001956099080000000000306394537380000000001002890003000000000027078
001082040000000000001958827880000000000306394537380000000000441410003000000000011918
001082040000000000001958827880000000000306394537380000000000441410003000000000011918
001000310000000000000002218580000000000305466899790000000004462000005000000000093702
001000310000000000000002218580000000000305466899790000000004462000005000000000093702
00302858000000000000082023998000000000030500049460-000000016305430005-00000000342414
00302858000000000000082023998000000000030500049460-000000016305430005-00000000342414
00302859000000000000082023998000000000030500049460-000000001550670005-00000000032564
00302859000000000000082023998000000000030500049460-000000001550670005-00000000032564
00300322000000000000006076878000000000030500049460-000000000338810005-00000000007115
00300322000000000000006076878000000000030500049460-000000000338810005-00000000007115
001000150000000000000001598080000000000307023600600000000008000000005000000000168000
001000150000000000000001598080000000000307023600600000000008000000005000000000168000
001020200000000000000034385380000000000305466899790000001098415480005000000023066725
001020200000000000000034385380000000000305466899790000001098415480005000000023066725
001020170000000000000192471680000000000305466899790000000848269190005000000017813653
001020170000000000000192471680000000000305466899790000000848269190005000000017813653
001020170000000000000192472280000000000305466899790000000848361140005000000017815584
001020170000000000000192472280000000000305466899790000000848361140005000000017815584
00302023000000000000001149268000000000030546689979-000000147530330005-00000003098137
00302023000000000000001149268000000000030546689979-000000147530330005-00000003098137
001000040000000000000001048380000000000307076274050000000824103670005000000017306177
001000040000000000000001048380000000000307076274050000000824103670005000000017306177
001000960000000000000000087380000000000306496953650000000075561760005000000001586797
001000960000000000000000087380000000000306496953650000000075561760005000000001586797
001020190000000000000029427280000000000305466899790000000598382190005000000012566026
001020190000000000000029427280000000000305466899790000000598382190005000000012566026
001020200000000000000034399480000000000305466899790000000259470570005000000005448882
001020200000000000000034399480000000000305466899790000000259470570005000000005448882
001000040000000000000002306080000000000201466182280000000001074380005000000000022562
001000040000000000000002306080000000000201466182280000000001074380005000000000022562
001000560000000000000001518980000000000305318781710000000001396710005000000000029331
001000560000000000000001518980000000000305318781710000000001396710005000000000029331
001000040000000000000001739580000000000305629093420000000002937570005000000000061689
001000040000000000000001739580000000000305629093420000000002937570005000000000061689
001020200000000000000034408980000000000305466899790000000259780140005000000005455383
001020200000000000000034408980000000000305466899790000000259780140005000000005455383
001020200000000000000034408880000000000305466899790000000335610100005000000007047812
001020200000000000000034408880000000000305466899790000000335610100005000000007047812
001000030000000000000001107880000000000307098939000000000001875000005000000000039375
001000030000000000000001107880000000000307098939000000000001875000005000000000039375
001000120000000000000003037880000000000306791286510000000013712000005000000000287952
001000120000000000000003037880000000000306791286510000000013712000005000000000287952
001000020000000000000000346480000000000200808264600000000000661140005000000000013884
001000020000000000000000346480000000000200808264600000000000661140005000000000013884
001000030000000000000002411180000000000307122725420000000010330570005000000000216942
001000030000000000000002411180000000000307122725420000000010330570005000000000216942
001000040000000000000001051480000000000307076274050000000842481100005000000017692103
001000040000000000000001051480000000000307076274050000000842481100005000000017692103
002000120000000000000000000180000000000307077739160000000107372950005000000002254832
002000120000000000000000000180000000000307077739160000000107372950005000000002254832
002000120000000000000000000280000000000307077739160000000116320670005000000002442734
002000120000000000000000000280000000000307077739160000000116320670005000000002442734
001000120000000000000000027580000000000307077739160000000206611570005000000004338843
001000120000000000000000027580000000000307077739160000000206611570005000000004338843
001000120000000000000000027680000000000307077739160000000206611570005000000004338843
001000120000000000000000027680000000000307077739160000000206611570005000000004338843
001000010000000000000000384880000000000202480270970000000002719000005000000000057099
001000010000000000000000384880000000000202480270970000000002719000005000000000057099
001000010000000000000000241480000000000201096445290000000009800000005000000000205800
001000010000000000000000241480000000000201096445290000000009800000005000000000205800
001000550000000000000005171280000000000305686495980000000001762570005000000000037014
001000550000000000000005171280000000000305686495980000000001762570005000000000037014
001000080000000000000000589480000000000337145766290000001690000000005000000035490000
001000080000000000000000589480000000000337145766290000001690000000005000000035490000
001000280000000000000001065780000000000305286962080000000001132100005000000000023774
001000280000000000000001065780000000000305286962080000000001132100005000000000023774
001000160000000000000000003180000000000202516828530000000001239670005000000000026033
001000160000000000000000003180000000000202516828530000000001239670005000000000026033
001000230000000000000003073280000000000306753495720000000001023810005000000000021500
001000230000000000000003073280000000000306753495720000000001023810005000000000021500
001045050000000000000000034880000000000305903607630000000000383620005000000000008056
001045050000000000000000034880000000000305903607630000000000383620005000000000008056
001000460000000000000013581280000000000307076499130000000000984760005000000000020680
001000460000000000000013581280000000000307076499130000000000984760005000000000020680
001020170000000000000192839580000000000305466899790000000825290860005000000017331108
001020170000000000000192839580000000000305466899790000000825290860005000000017331108
001020170000000000000192839880000000000305466899790000000974192000005000000020458032
001020170000000000000192839880000000000305466899790000000974192000005000000020458032
001000020000000000000000446180000000000307146512060000000022460190005000000000471664
001000020000000000000000446180000000000307146512060000000022460190005000000000471664
001000050000000000000000262680000000000307143473100000000018479670005000000000388073
001000050000000000000000262680000000000307143473100000000018479670005000000000388073
001020200000000000000034451680000000000305466899790000000262579570005000000005514171
001020200000000000000034451680000000000305466899790000000262579570005000000005514171
001020200000000000000034451580000000000305466899790000000198021430005000000004158450
001020200000000000000034451580000000000305466899790000000198021430005000000004158450
001020170000000000000192927880000000000305466899790000000873740950005000000018348560
001020170000000000000192927880000000000305466899790000000873740950005000000018348560
001000040000000000000003588380000000000305466899790000000000329430005000000000006918
001000040000000000000003588380000000000305466899790000000000329430005000000000006918
001000130000000000000002104780000000000200809964120000000000566100005000000000011888
001000130000000000000002104780000000000200809964120000000000104190004000000000001094
001000130000000000000002104780000000000200809964120000000000566100005000000000011888
001000130000000000000002104780000000000200809964120000000000104190004000000000001094
001000130000000000000002105880000000000200809964120000000000669480005000000000014059
001000130000000000000002105880000000000200809964120000000000669480005000000000014059
001000010000000000000002152180000000000232759434790000000000371900005000000000007810
001000010000000000000002152180000000000232759434790000000000371900005000000000007810
001000060000000000000001836980000000000306753347370000000000329570005000000000006921
001000060000000000000001836980000000000306753347370000000000329570005000000000006921
001000060000000000000002253780000000000306753347370000000001039710005000000000021834
001000060000000000000002253780000000000306753347370000000001039710005000000000021834
001000060000000000000002302380000000000306753347370000000000323480005000000000006793
001000060000000000000002302380000000000306753347370000000000323480005000000000006793
001000060000000000000002307880000000000306753347370000000000970380005000000000020378
001000060000000000000002307880000000000306753347370000000000970380005000000000020378
001000040000000000000000156380000000000337157846590000000000271430004000000000002850
001000040000000000000000156380000000000337157846590000000000271430004000000000002850
001000220000000000000000128280000000000306917349150000000005033810005000000000105710
001000220000000000000000128280000000000306917349150000000005033810005000000000105710
001045110000000000000000032180000000000305903607630000000002541620005000000000053374
001045110000000000000000032180000000000305903607630000000002541620005000000000053374
001000080000000000000000041180000000000306073531970000000000543000005000000000011403
001000080000000000000000041180000000000306073531970000000000543000005000000000011403
001000010000000000000000245280000000000201176225690000000000471050005000000000009892
001000010000000000000000245280000000000201176225690000000000471050005000000000009892
001000020000000000000004673080000000000201176225690000000000909100005000000000019091
001000020000000000000004673080000000000201176225690000000000909100005000000000019091
001000030000000000000002341080000000000201176225690000000004380140005000000000091983
001000030000000000000002341080000000000201176225690000000004380140005000000000091983
001000200000000000000002397480000000000306576119360000000001419240005000000000029804
001000200000000000000002397480000000000306576119360000000001419240005000000000029804
001000200000000000000002399180000000000306576119360000000000380140005000000000007983
001000200000000000000002399180000000000306576119360000000000380140005000000000007983
001000200000000000000002410080000000000306576119360000000000087480005000000000001837
001000200000000000000002410080000000000306576119360000000000087480005000000000001837
001000200000000000000002411480000000000306576119360000000004662380005000000000097910
001000200000000000000002411480000000000306576119360000000004662380005000000000097910
001000010000000000000000385680000000000202480270970000000000361140005000000000007584
001000010000000000000000385680000000000202480270970000000000361140005000000000007584
001000010000000000000000385580000000000202480270970000000006704950005000000000140804
001000010000000000000000385580000000000202480270970000000006704950005000000000140804
001000560000000000000001529980000000000305318781710000000001305760005000000000027421
001000560000000000000001529980000000000305318781710000000001305760005000000000027421
001000050000000000000000321380000000000307121061540000000040033050005000000000840694
001000050000000000000000321380000000000307121061540000000040033050005000000000840694
001020190000000000000029528080000000000305466899790000000591598900005000000012423577
001020190000000000000029528080000000000305466899790000000591598900005000000012423577
001020170000000000000193025880000000000305466899790000000947297050005000000019893238
001020170000000000000193025880000000000305466899790000000947297050005000000019893238
001000960000000000000000088880000000000306496953650000000059819900005000000001256218
001000960000000000000000088880000000000306496953650000000059819900005000000001256218
001000020000000000000000114780000000000271704119730000000028600000005000000000600600
001000020000000000000000114780000000000271704119730000000028600000005000000000600600
001000020000000000000000201980000000000305000084540000000001559710005000000000032754
001000020000000000000000201980000000000305000084540000000001559710005000000000032754
001000020000000000000000201980000000000305000017350000000012807480005000000000268957
001000020000000000000000201980000000000305000017350000000012807480005000000000268957
001000020000000000000000201980000000000305000100840000000001350000005000000000028350
001000020000000000000000201980000000000305000100840000000001350000005000000000028350
001000020000000000000000201980000000000305000031930000000001285000005000000000026985
001000020000000000000000201980000000000305000031930000000001285000005000000000026985
001000040000000000000000020980000000000202351917770000000002500000005000000000052500
001000040000000000000000020980000000000202351917770000000002500000005000000000052500
001000040000000000000000020880000000000202351917770000000016500000005000000000346500
001000040000000000000000020880000000000202351917770000000016500000005000000000346500
001000010000000000008810825880000000000305000017350000000000776050005000000000016297
001000010000000000008810825880000000000305000017350000000000776050005000000000016297
001000060000000000000651187880000000000306201774970000000000906520005000000000019037
001000060000000000000651187880000000000306201774970000000000906520005000000000019037
00300012000000000000001283648000000000030542851836-000000004560710005-00000000095775
00300012000000000000001283648000000000030542851836-000000004560710005-00000000095775
001000080000000000000001357880000000000307073772390000000000122710005000000000002577
001000080000000000000001357880000000000307073772390000000000710190004000000000007457
001000080000000000000001357880000000000307073772390000000000122710005000000000002577
001000080000000000000001357880000000000307073772390000000000710190004000000000007457
001000120000000000000003049780000000000306791286510000000009111380005000000000191339
001000120000000000000003049780000000000306791286510000000009111380005000000000191339
001050250000000000000000124880000000000305154884790000000019127380005000000000401675
001050250000000000000000124880000000000305154884790000000019127380005000000000401675