00100011000000000000000082900000000000000003000000002802458
00100014000000000000000101040000000000000003000000000271326
00100014000000000000000101050000000000000003000000000826513
00100014000000000000000101060000000000000003000000000128336
00100014000000000000000101070000000000000003000000000597914
00100014000000000000000101080000000000000003000000001016812
00100014000000000000000101090000000000000003000000000039638
00100014000000000000000101100000000000000003000000000191575
00100014000000000000000101110000000000000003000000000085062
00100014000000000000000101120000000000000003000000001250548
00100014000000000000000101130000000000000003000000000067749
00100014000000000000000101140000000000000003000000000079277
00100052000000000000000000700000000000000004000000000070209
00600008000000000000000000010000000000000003000000036176839
00600014000000000000000030280000000000000003000000000113735
00600014000000000000000030290000000000000003000000000167153
00600014000000000000000030300000000000000003000000000269005
00600014000000000000000030310000000000000003000000000322414
00600014000000000000000030320000000000000003000000000030009
00300014000000000000000014670000000000000003-00000000323004
00300014000000000000000014680000000000000003-00000000271326
00600014000000000000000030330000000000000003000000000195832
00300014000000000000000014690000000000000003-00000000040557
00100011000000000000000082910000000000000003000000005466074
00100011000000000000000082920000000000000003000000001429866
00100011000000000000000082930000000000000003000000000560492
00100011000000000000000082940000000000000003000000001822054
00100011000000000000000082950000000000000003000000002464116
00100014000000000000000101150000000000000003000000000429989
00100014000000000000000101160000000000000003000000000308524
00100014000000000000000101170000000000000003000000000388285
00100014000000000000000101180000000000000003000000000494969
00100014000000000000000101190000000000000003000000000325387
00100014000000000000000101200000000000000003000000000083936
00100014000000000000000101210000000000000003000000000269005
00100014000000000000000101220000000000000003000000000471565
00100014000000000000000101230000000000000003000000000187151
00100014000000000000000101240000000000000003000000000836597
00100014000000000000000101250000000000000003000000000322414
00600014000000000000000030340000000000000003000000000096163
00600014000000000000000030350000000000000003000000000292849
00600014000000000000000030360000000000000003000000002665785
00100011000000000000000082960000000000000003000000005075579
00100011000000000000000082970000000000000003000000005075579
00100011000000000000000082980000000000000003000000002030231
00100011000000000000000082990000000000000003000000001681475
00100011000000000000000083000000000000000003000000001401229
00100011000000000000000083010000000000000003000000000840738
00100011000000000000000083020000000000000003000000001639822
00100013000000000000000000860000000000000003000000005868232
00100014000000000000000101260000000000000003000000000195832
00100014000000000000000101270000000000000003000000000040720
00100014000000000000000101280000000000000003000000000032866
00100014000000000000000101290000000000000003000000000065733
00100014000000000000000101300000000000000003000000000385026
00100014000000000000000101310000000000000003000000000330622
00100014000000000000000101320000000000000003000000000086940
00100014000000000000000101330000000000000003000000000299929
00100014000000000000000101340000000000000003000000000657226
00100014000000000000000101350000000000000003000000001397065
00100014000000000000000101360000000000000003000000000030253
00100014000000000000000101370000000000000003000000000135074
00100016000000000000000005680000000000000003000000000133551
00600014000000000000000030370000000000000003000000000177210
00600014000000000000000030380000000000000003000000000118219
00600014000000000000000030390000000000000003000000000764509
00600014000000000000000030400000000000000003000000000250654
00600014000000000000000030410000000000000003000000000112271
00600051000000000000000000060000000000000003000000000067850
00300013000000000000000000090000000000000003-00000000293412
00100014000000000000000101380000000000000003000000000505633
00100014000000000000000101390000000000000003000000000935571
00100014000000000000000101400000000000000003000000000144552
00100014000000000000000101410000000000000003000000000388285
00100014000000000000000101420000000000000003000000000234696
00100014000000000000000101430000000000000003000000000959801
00100014000000000000000101440000000000000003000000000060506
00100051000000000000000000660000000000000003000000000268668
00100052000000000000000000710000000000000004000000000033604
00600014000000000000000030420000000000000003000000000266360
00100011000000000000000083030000000000000003000000000560492
00100011000000000000000083040000000000000003000000001120983
00100011000000000000000083050000000000000003000000000121470
00100011000000000000000083060000000000000003000000003923442
00100011000000000000000083070000000000000003000000000922742
00100011000000000000000083080000000000000003000000002186430
00100011000000000000000083090000000000000003000000000583922
00100011000000000000000083100000000000000003000000000693434
00100011000000000000000083110000000000000003000000002151719
00100011000000000000000083120000000000000003000000000615161
00100011000000000000000083130000000000000003000000000303676
00100014000000000000000101450000000000000003000000000080542
00100014000000000000000101460000000000000003000000000071146
00100014000000000000000101470000000000000003000000000035606
00100014000000000000000101480000000000000003000000000533528
00100014000000000000000101490000000000000003000000000325387
00100014000000000000000101500000000000000003000000000384061
00100014000000000000000101510000000000000003000000000060506
00100014000000000000000101520000000000000003000000000237857
00600014000000000000000030430000000000000003000000000030009
00600014000000000000000030440000000000000003000000000040060
00600014000000000000000030450000000000000003000000000097190
00600014000000000000000030460000000000000003000000000266360
00300011000000000000000003600000000000000003-00000001639822
00300014000000000000000014700000000000000003-00000000067424
00800014000000000000000004990000000000000003-00000000068318
00100011000000000000000083140000000000000003000000005417479
00100011000000000000000083150000000000000003000000000895407
00100011000000000000000083160000000000000003000000000620368
00100011000000000000000083170000000000000003000000005205744
00100014000000000000000101530000000000000003000000000103907
00100014000000000000000101540000000000000003000000000388285
00100014000000000000000101550000000000000003000000000148240
00100014000000000000000101560000000000000003000000000710699
00100014000000000000000101570000000000000003000000000243231
00100014000000000000000101580000000000000003000000000823221
00100014000000000000000101590000000000000003000000000320298
00100014000000000000000101600000000000000003000000000108892
00100014000000000000000101610000000000000003000000000501309
00100014000000000000000101620000000000000003000000000586844
00100014000000000000000101630000000000000003000000000156363
00100014000000000000000101640000000000000003000000000071146
00100014000000000000000101650000000000000003000000001457530
00100014000000000000000101660000000000000003000000000132794
00100014000000000000000101670000000000000003000000000498352
00100014000000000000000101680000000000000003000000000337506
00100014000000000000000101690000000000000003000000000320040
00100051000000000000000000670000000000000003000000000114430
00100051000000000000000000680000000000000003000000000330769
00100051000000000000000000690000000000000003000000000689170
00600014000000000000000030470000000000000003000000000309764
F00005000000000000000009060000000000000003-00000000481184
00300014000000000000000014710000000000000003-00000000148240
00100011000000000000000083180000000000000003000000001910202
00100011000000000000000083190000000000000003000000002378207
00100014000000000000000101700000000000000003000000000243627
00100011000000000000000083200000000000000003000000001181727
00100011000000000000000083210000000000000003000000002867542
00100011000000000000000083220000000000000003000000001720525
00100011000000000000000083230000000000000003000000000573508
00100011000000000000000083240000000000000003000000001720525
00100011000000000000000083250000000000000003000000001861103
00100011000000000000000083260000000000000003000000000895407
00100011000000000000000083270000000000000003000000002867542
00100011000000000000000083280000000000000003000000001691888
00100014000000000000000101710000000000000003000000000271326
00100014000000000000000101720000000000000003000000000147935
00100014000000000000000101730000000000000003000000000237370
00100014000000000000000101740000000000000003000000000594406
00100014000000000000000101750000000000000003000000000309118
00100014000000000000000101760000000000000003000000000063978
00100014000000000000000101770000000000000003000000000322120
00600014000000000000000030480000000000000003000000000286182
00100011000000000000000083290000000000000003000000002867542
00100011000000000000000083300000000000000003000000000573508
00100011000000000000000083310000000000000003000000002711343
00100011000000000000000083320000000000000003000000000581318
00100011000000000000000083330000000000000003000000000860262
00100011000000000000000083340000000000000003000000001193876
00100011000000000000000083350000000000000003000000010480909
00100014000000000000000101780000000000000003000000000035606
00100014000000000000000101790000000000000003000000000108892
00100014000000000000000101800000000000000003000000000522377
00100014000000000000000101810000000000000003000000000279182
00100014000000000000000101820000000000000003000000000302441
00100014000000000000000101830000000000000003000000000510347
00100014000000000000000101840000000000000003000000000291471
00100014000000000000000101850000000000000003000000000269005
00100014000000000000000101860000000000000003000000000030253
00100051000000000000000000700000000000000003000000000690950
00100051000000000000000000710000000000000003000000000189526
00100052000000000000000000720000000000000004000000001024678
00600014000000000000000030490000000000000003000000000478954
00600014000000000000000030500000000000000003000000000086940
00600014000000000000000030510000000000000003000000000409360
00600016000000000000000002110000000000000003000000037994380
F00005000000000000000009070000000000000004-00000000104953
F00005000000000000000009080000000000000003-00000002122151
F00005000000000000000009100000000000000003-00000000120901
00300014000000000000000014720000000000000003-00000000345793
00300052000000000000000000110000000000000004-00000001024678
00100011000000000000000083360000000000000003000000002867542
00100011000000000000000083370000000000000003000000000596938
00100014000000000000000101870000000000000003000000000135074
00100014000000000000000101880000000000000003000000000922131
00100014000000000000000101890000000000000003000000000136636
00100014000000000000000101900000000000000003000000000097254
00100014000000000000000101910000000000000003000000000126701
00100014000000000000000101920000000000000003000000000325387
00100014000000000000000101930000000000000003000000002356287
00100014000000000000000101940000000000000003000000001005267
00100014000000000000000101950000000000000003000000000030253
00100014000000000000000101960000000000000003000000000219010
00100014000000000000000101970000000000000003000000000594392
00100014000000000000000101980000000000000003000000000554914
00100014000000000000000101990000000000000003000000000060501
00100016000000000000000005690000000000000003000000000565208
00600014000000000000000030520000000000000003000000000327563
00600014000000000000000030530000000000000003000000000320298
00300014000000000000000014730000000000000003-00000000095788
00300014000000000000000014740000000000000003-00000000030253
00300014000000000000000014750000000000000003-00000000063978
00100011000000000000000083380000000000000003000000003946091
00100014000000000000000102000000000000000003000000000058674
00100014000000000000000102010000000000000003000000000230806
00100014000000000000000102020000000000000003000000000070565
00100014000000000000000102030000000000000003000000000712283
00100014000000000000000102040000000000000003000000000086305
00100014000000000000000102050000000000000003000000000030253
00600014000000000000000030540000000000000003000000000094436
00600014000000000000000030550000000000000003000000000091540
00100011000000000000000083390000000000000003000000000629393
00100011000000000000000083400000000000000003000000000716326
00100011000000000000000083410000000000000003000000002984690
00100014000000000000000102060000000000000003000000000030253
00100014000000000000000102070000000000000003000000001900413
00100014000000000000000102080000000000000003000000000062993
00100014000000000000000102090000000000000003000000000517015
00100014000000000000000102100000000000000003000000000229592
00100014000000000000000102110000000000000003000000002457521
00100014000000000000000102120000000000000003000000000578983
00100014000000000000000102130000000000000003000000000688630
00100014000000000000000102140000000000000003000000000115574
00100014000000000000000102150000000000000003000000000325387
00100014000000000000000102160000000000000003000000000325387
00100014000000000000000102170000000000000003000000000496300
00100014000000000000000102180000000000000003000000000325387
00600011000000000000000001410000000000000003000000015660273
00600014000000000000000030560000000000000003000000000150591
00600014000000000000000030570000000000000003000000000059110
00600014000000000000000030580000000000000003000000000551421
00800016000000000000000000220000000000000003-00000037994380
00100011000000000000000083420000000000000003000000000001147
00100011000000000000000083430000000000000003000000001193876
00100011000000000000000083440000000000000003000000000124074
00100011000000000000000083450000000000000003000000000944089
00300011000000000000000003610000000000000003-00000000001147
00100011000000000000000083460000000000000003000000000860262
00100011000000000000000083470000000000000003000000000930552
00100011000000000000000083480000000000000003000000000944089
00100011000000000000000083490000000000000003000000002607211
00100011000000000000000083500000000000000003000000002607211
00100011000000000000000083510000000000000003000000001193876
00100014000000000000000102190000000000000003000000000040720
00100014000000000000000102200000000000000003000000000221803
00100014000000000000000102210000000000000003000000000029109
00100014000000000000000102220000000000000003000000003570422
00100014000000000000000102230000000000000003000000000657226
00100014000000000000000102240000000000000003000000000088927
00100014000000000000000102250000000000000003000000000079277
00100014000000000000000102260000000000000003000000000461204
00100014000000000000000102270000000000000003000000000090847
00100016000000000000000005700000000000000003000000000090248
00100016000000000000000005710000000000000003000000000041238
00100016000000000000000005720000000000000003000000019214832
00100051000000000000000000720000000000000003000000001000440
00600014000000000000000030590000000000000003000000000271326
00600014000000000000000030600000000000000003000000000146523
00600014000000000000000030610000000000000003000000000074328
00600014000000000000000030620000000000000003000000000763634
00300011000000000000000003620000000000000003-00000000003796
00300014000000000000000014760000000000000003-00000000229309
00800014000000000000000005000000000000000003-00000000146523
00100011000000000000000083520000000000000003000000000930552
00100011000000000000000083530000000000000003000000001193876
00100011000000000000000083540000000000000003000000000620368
00100013000000000000000000870000000000000003000000003279855
00100014000000000000000102280000000000000003000000000075296
00100014000000000000000102290000000000000003000000000286619
00100014000000000000000102300000000000000003000000000192842
00100014000000000000000102310000000000000003000000000242198
00100014000000000000000102320000000000000003000000000134173
00100014000000000000000102330000000000000003000000000327085
00100014000000000000000102340000000000000003000000000645685
00100014000000000000000102350000000000000003000000000346524
00100014000000000000000102360000000000000003000000000738657
00100051000000000000000000730000000000000003000000000070699
00600014000000000000000030630000000000000003000000000269005
00600016000000000000000002120000000000000003000000063494455
00800014000000000000000005010000000000000003-00000000020250
00100011000000000000000083550000000000000003000000001691888
00100011000000000000000083560000000000000003000000004588067
00100011000000000000000083570000000000000003000000000573508
00100011000000000000000083580000000000000003000000001720525
00100014000000000000000102370000000000000003000000000730932
00100014000000000000000102380000000000000003000000000325387
00100014000000000000000102390000000000000003000000000388017
00100014000000000000000102400000000000000003000000000281163
00100014000000000000000102410000000000000003000000000624793
00100014000000000000000102420000000000000003000000000965840
00100014000000000000000102430000000000000003000000000770314
00100014000000000000000102440000000000000003000000000432207
00100014000000000000000102450000000000000003000000000288036
00600014000000000000000030640000000000000003000000000076234
00600014000000000000000030650000000000000003000000000347435
00600014000000000000000030660000000000000003000000000250654
00600014000000000000000030670000000000000003000000000061067
00300014000000000000000014770000000000000003-00000000031063
00300014000000000000000014780000000000000003-00000000022841
00300014000000000000000014790000000000000003-00000000031002
00300014000000000000000014800000000000000003-00000000190488
00300014000000000000000014810000000000000003-00000000027240
00300014000000000000000014820000000000000003-00000000320264
00300014000000000000000014830000000000000003-00000000201365
00300014000000000000000014840000000000000003-00000000032241
00300014000000000000000014850000000000000003-00000000078656
00300014000000000000000014860000000000000003-00000000005202
00300014000000000000000014870000000000000003-00000000032533
00100011000000000000000083590000000000000003000000000573508
00100011000000000000000083600000000000000003000000001193876
00100011000000000000000083610000000000000003000000003852372
00100014000000000000000102460000000000000003000000000325387
00100014000000000000000102470000000000000003000000000060506
00100014000000000000000102480000000000000003000000000325387
00100014000000000000000102490000000000000003000000000561287
00100014000000000000000102500000000000000003000000000181403
00100014000000000000000102510000000000000003000000000407954
00100014000000000000000102520000000000000003000000000270744
00100014000000000000000102530000000000000003000000000738895
00100014000000000000000102540000000000000003000000000075313
00100014000000000000000102550000000000000003000000000325387
00100014000000000000000102560000000000000003000000000359764
00100016000000000000000005730000000000000003000000000133551
00100051000000000000000000740000000000000003000000001023120
00100051000000000000000000750000000000000003000000000867609
00100051000000000000000000760000000000000003000000002499174
00100051000000000000000000770000000000000003000000000650703
00600014000000000000000030680000000000000003000000000048126
00600014000000000000000030690000000000000003000000000038144
00600014000000000000000030700000000000000003000000000325387
00600014000000000000000030710000000000000003000000000250654
00600014000000000000000030720000000000000003000000000094436
F00005000000000000000009110000000000000003-00000000656502
00300014000000000000000014880000000000000003-00000000077031
00300014000000000000000014890000000000000003-00000000045554
00300051000000000000000000010000000000000003-00000000867609
00100011000000000000000083620000000000000003000000003101839
00100011000000000000000083630000000000000003000000001147017
00100011000000000000000083640000000000000003000000000930552
00100011000000000000000083650000000000000003000000030486501
00100011000000000000000083660000000000000003000000003680776
00100014000000000000000102570000000000000003000000000265649
00100014000000000000000102580000000000000003000000000266360
00100014000000000000000102590000000000000003000000000269005
00100014000000000000000102600000000000000003000000000195832
00100014000000000000000102610000000000000003000000000325387
00100014000000000000000102620000000000000003000000000269005
00100014000000000000000102630000000000000003000000000035606
00100014000000000000000102640000000000000003000000000058674
00100014000000000000000102650000000000000003000000000104097
00600011000000000000000001420000000000000003000000006909955
00600014000000000000000030730000000000000003000000000250654
00600014000000000000000030740000000000000003000000000325387
00600014000000000000000030750000000000000003000000000635776
00800014000000000000000005020000000000000003-00000000025034
00100011000000000000000083670000000000000003000000001720525
00100014000000000000000102660000000000000003000000000045423
00100014000000000000000102670000000000000003000000000071146
00600014000000000000000030760000000000000003000000000501309
00100011000000000000000083680000000000000003000000002294033
00100014000000000000000102680000000000000003000000001082975
00100014000000000000000102690000000000000003000000002324196
00100014000000000000000102700000000000000003000000000699237
00100014000000000000000102710000000000000003000000005244070
00100014000000000000000102720000000000000003000000000195832
00100014000000000000000102730000000000000003000000000320040
00100014000000000000000102740000000000000003000000000942920
00100014000000000000000102750000000000000003000000000075313
00100014000000000000000102760000000000000003000000000064183
00100014000000000000000102770000000000000003000000000269005
00100014000000000000000102780000000000000003000000000030253
00100014000000000000000102790000000000000003000000000230806
00600014000000000000000030770000000000000003000000000290173
00600014000000000000000030780000000000000003000000000214600
00300014000000000000000014900000000000000003-00000000077652
00300014000000000000000014910000000000000003-00000000032515
00300014000000000000000014920000000000000003-00000000059029
00800014000000000000000005030000000000000003-00000000039014
00100011000000000000000083690000000000000003000000005205917
00100011000000000000000083700000000000000003000000000620368
00100014000000000000000102800000000000000003000000000939986
00100014000000000000000102810000000000000003000000000568496
00100014000000000000000102820000000000000003000000000583240
00100014000000000000000102830000000000000003000000000875766
00100014000000000000000102840000000000000003000000000327916
00100014000000000000000102850000000000000003000000000101030
00100014000000000000000102860000000000000003000000000776570
00100014000000000000000102870000000000000003000000000233890
00100014000000000000000102880000000000000003000000000544635
00100014000000000000000102890000000000000003000000000269005
00100014000000000000000102900000000000000003000000000454234
00100014000000000000000102910000000000000003000000000655127
00100014000000000000000102920000000000000003000000000388285
00100014000000000000000102930000000000000003000000000038144
00100014000000000000000102940000000000000003000000001265126
00100051000000000000000000780000000000000003000000001087594
00600014000000000000000030790000000000000003000000000635151
00600014000000000000000030800000000000000003000000000385676
00600014000000000000000030810000000000000003000000000397731
00300014000000000000000014930000000000000003-00000000230806
00100011000000000000000083710000000000000003000000005214421
00100011000000000000000083720000000000000003000000001169579
00100011000000000000000083730000000000000003000000000584789
00100011000000000000000083740000000000000003000000000605616
00100011000000000000000083750000000000000003000000000125288
00100011000000000000000083760000000000000003000000001083496
00100014000000000000000102950000000000000003000000000310459
00100014000000000000000102960000000000000003000000000271326
00100014000000000000000102970000000000000003000000000434699
00100014000000000000000102980000000000000003000000000541488
00100014000000000000000102990000000000000003000000000424760
00100014000000000000000103000000000000000003000000000128565
00100014000000000000000103010000000000000003000000000959802
00100014000000000000000103020000000000000003000000000186212
00100014000000000000000103030000000000000003000000000058674
00100014000000000000000103040000000000000003000000000385026
00100014000000000000000103050000000000000003000000000388285
00100016000000000000000005740000000000000003000000000090248
00600011000000000000000001430000000000000003000000020101686
00600014000000000000000030820000000000000003000000000600176
00300014000000000000000014940000000000000003-00000000065295
00300014000000000000000014950000000000000003-00000000038835
00300014000000000000000014960000000000000003-00000000006809
00300014000000000000000014970000000000000003-00000000007356
00300014000000000000000014980000000000000003-00000000016495
00300014000000000000000014990000000000000003-00000000007366
00300014000000000000000015000000000000000003-00000000054644
00300014000000000000000015010000000000000003-00000000023365
00300014000000000000000015020000000000000003-00000000092445
00300014000000000000000015030000000000000003-00000000010162
00300014000000000000000015040000000000000003-00000000030346
00800014000000000000000005040000000000000003-00000000010032
00100011000000000000000083770000000000000003000000002689649
00100011000000000000000083780000000000000003000000002689649
00100011000000000000000083790000000000000003000000006576818
00100014000000000000000103060000000000000003000000000217785
00100014000000000000000103070000000000000003000000000325387
00100014000000000000000103080000000000000003000000000269005
00100014000000000000000103090000000000000003000000000650775
00100014000000000000000103100000000000000003000000000538706
00100014000000000000000103110000000000000003000000000650775
00100014000000000000000103120000000000000003000000000132261
00100014000000000000000103130000000000000003000000000592794
00100014000000000000000103140000000000000003000000000325387
00100014000000000000000103150000000000000003000000001114215
00100014000000000000000103160000000000000003000000003519669
00100014000000000000000103170000000000000003000000000030253
00100014000000000000000103180000000000000003000000000269005
00100014000000000000000103190000000000000003000000001430537
00100014000000000000000103200000000000000003000000001426472
00100014000000000000000103210000000000000003000000002949036
00100014000000000000000103220000000000000003000000000291141
00100014000000000000000103230000000000000003000000000269005
00100016000000000000000005750000000000000003000000018534789
00100051000000000000000000790000000000000003000000000789302
00600014000000000000000030830000000000000003000000000111646
00600014000000000000000030840000000000000003000000000107181
00600014000000000000000030850000000000000003000000000266360
00600014000000000000000030860000000000000003000000000259810
00600014000000000000000030870000000000000003000000000325387
00600014000000000000000030880000000000000003000000000309764
F00005000000000000000009120000000000000003-00000000716402
00300014000000000000000015050000000000000003-00000000123119
00300014000000000000000015060000000000000003-00000000038828
00800014000000000000000005050000000000000003-00000000111646
00800014000000000000000005060000000000000003-00000000635151
00800014000000000000000005070000000000000003-00000000077831