001020200000000000000034218180000000000305466899790000000085839860005000000001802637
003080730000000000000003072580000000000307072103850000000000799590005000000000016791
001000210000000000000005276380000000000307087960650000000002408750005000000000050584
001080730000000000000060083980000000000307072103850000000001464240005000000000030749
001000070000000000000010354380000000000201331772490000000004374520005000000000091865
001000800000000000000006931780000000000305563817780000000004215430005000000000088524
001000800000000000000006931680000000000305563817780000000000000200005000000000000004
001000010000000000000002681080000000000307154222430000000001318890005000000000027697
001000070000000000000010360080000000000201331772490000000003635380005000000000076343
001000070000000000000010360180000000000201331772490000000001064710005000000000022359
001054750000000000000001214180000000000305011126620000000003309480005000000000069499
001000140000000000000013417980000000000307072498500000000001402000005000000000029442
001000020000000000000000006880000000000201186704860000000025880000004000000000271740
001000050000000000000001953680000000000307099695830000000004958710005000000000104133
003080730000000000000003087480000000000307072103850000000000347060005000000000007288
001000200000000000000002388980000000000306576119360000000001193380005000000000025061
001000040000000000000000036780000000000202822372030000000001785140005000000000037488
001006230000000000000003907780000000000305477512520000000000921380005000000000019349
001000010000000000000000000180000000000203422681110000000000055000005000000000001155
001000120000000000000019966580000000000305428518360000000050799000005000000001066779
001006010000000000000031036780000000000305477512520000000002199000005000000000046179
001006010000000000000031036880000000000305477512520000000004568190005000000000095932
001006010000000000000031033980000000000305477512520000000013359760005000000000280555
001000110000000000000038234280000000000305428518360000000008969140005000000000188352
001050930000000000000141885680000000000305184086890000000008749810005000000000183746
001080730000000000000060406680000000000307072103850000000002452480005000000000051502
001000800000000000000006971980000000000305563817780000000003112430005000000000065361
001000050000000000000000039680000000000203422681110000000000154520005000000000003245
001000070000000000000010428380000000000201331772490000000002073620005000000000043546
001000070000000000000010428480000000000201331772490000000001377610005000000000028930
001000020000000000000000007280000000000201186704860000000017680000004000000000185640
001000210000000000000005312880000000000307087960650000000007723950005000000000162203
001000050000000000000001052180000000000307106675900000000000577760005000000000012133
001000070000000000000010445080000000000201331772490000000002692190005000000000056536
001000070000000000000010444980000000000201331772490000000002387430005000000000050136
001000030000000000000036723880000000000336874731890000000017552380005000000000368600
001000030000000000000036902080000000000336874731890000000036366800005000000000763703
001000050000000000000000040480000000000203422681110000000001618140005000000000033981
003020180000000000000004643680000000000305466899790000000007662430005000000000160911
003020180000000000000004584680000000000305466899790000000000368860005000000000007746
001000040000000000000000039880000000000202822372030000000002042190005000000000042886
001006020000000000000001580280000000000305477512520000000002853810005000000000059930
001006010000000000000031299880000000000305477512520000000010925240005000000000229430
001000290000000000000001941380000000000306777623450000000016024950005000000000336524
001006010000000000000031306180000000000305477512520000000020750520005000000000435761
001000010000000000000000516980000000000307100218590000000001800000005000000000037800
001000010000000000000002748580000000000307154222430000000001998790005000000000041975
001000020000000000000000114480000000000203154895480000000000248840005000000000005226
001080730000000000000060722380000000000307072103850000000003947710005000000000082902
001000800000000000000007012080000000000305563817780000000003024950005000000000063524
001050930000000000000142486680000000000305184086890000000008100140005000000000170103
001000210000000000000005344480000000000307087960650000000002749920005000000000057748
001000070000000000000010511280000000000201331772490000000005005480005000000000105115
001000070000000000000010511380000000000201331772490000000001676770005000000000035212
001000010000000000000002767580000000000307154222430000000005450540005000000000114461
001000150000000000000001597980000000000307023600600000000008000000005000000000168000
001000030000000000000037080280000000000336874731890000000050952060005000000001069993
001000070000000000000010526080000000000201331772490000000004870480005000000000102280
001000070000000000000010526180000000000201331772490000000002896050005000000000060817
003006210000000000000000882080000000000305477512520000000000305760005000000000006421
001054750000000000000001228680000000000305011126620000000002782330005000000000058429
001004290000000000000000328480000000000305079508480000000022593330005000000000474460
001020190000000000000029440180000000000305466899790000000066260520005000000001391471
001006230000000000000004114280000000000305477512520000000010908380005000000000229076
001006010000000000000031566480000000000305477512520000000004308860005000000000090486
001006010000000000000031568080000000000305477512520000000006058140005000000000127221
001006010000000000000031566380000000000305477512520000000014692380005000000000308540
001006010000000000000031567980000000000305477512520000000001486430005000000000031215
001000040000000000000000041780000000000202822372030000000001360570005000000000028572
001000390000000000000000086580000000000307023556010000000006145470005000000000129055
001000390000000000000000087080000000000307023556010000000000239670005000000000005033
001080730000000000000061044980000000000307072103850000000002571480005000000000054001
001000210000000000000005377780000000000307087960650000000004476330005000000000094003
001000800000000000000007054280000000000305563817780000000004398810005000000000092375
001000070000000000000010601580000000000201331772490000000004822570005000000000101274
001000070000000000000010601680000000000201331772490000000002852900005000000000059911
001000030000000000000037261080000000000336874731890000000034904950005000000000733004
001000010000000000000002832980000000000307154222430000000002573950005000000000054053
001000040000000000000000044480000000000202822372030000000002082670005000000000043736
001050930000000000000143259280000000000305184086890000000016663430005000000000349932
001006010000000000000031835880000000000305477512520000000010800520005000000000226811
001006010000000000000031840480000000000305477512520000000013079760005000000000274675
001006230000000000000004204880000000000305477512520000000010395860005000000000218313
001080730000000000000061349680000000000307072103850000000003655570005000000000076767
001000800000000000000007096780000000000305563817780000000003144520005000000000066035
001000140000000000000013753180000000000307072498500000000001402000005000000000029442
